position_x: -9.56225251717
position_y: 12.6703325685
position_z: 0.0

orientation_x: 0.0
orientation_y: 0.0
orientation_z: -0.710372782525
orientation_w: -0.703825616905

localization:

  position_x: -9.90982996549
  position_y: 12.5983389922
  position_z: 0.0
  
  orientation_x: 0.0
  orientation_y: 0.0
  orientation_z: 0.716606040547
  orientation_w: 0.697478159265 
