position_x: -9.56225251717
position_y: 12.6703325685
position_z: -0.00160825158626

orientation_x: -5.13464321545e-05
orientation_y: -9.05510907075e-05
orientation_z: -0.710372782525
orientation_w: -0.703825616905
