position_x: -9.48971747399
position_y: 12.5279808753
position_z: -0.00160882599954

orientation_x: -3.58029286539e-06
orientation_y: 6.3447066585e-06
orientation_z: 0.704487071121
orientation_w: 0.709716821394

localization:

  position_x: -9.93413076831
  position_y: 12.3457479609
  position_z: 0.0
  
  orientation_x: 0.0
  orientation_y: 0.0
  orientation_z: 0.712408056099
  orientation_w: 0.701765460539 
  

