position_x: 1.74525635752
position_y: -0.312594971256
position_z: -0.00160800184971

orientation_x: -1.94045151591e-05
orientation_y: 8.13380679983e-05
orientation_z: 0.999972502516
orientation_w: 0.00741533672047

localization:

  position_x: 1.74525635752
  position_y: -0.312594971256
  position_z: 0.0

  orientation_x: 0.0
  orientation_y: 0.0
  orientation_z: 0.999972502516
  orientation_w: 0.00741533672047
