position_x: -3.55567964937
position_y: 1.64756601225
position_z: -0.00160927190157

orientation_x: -3.36706136931e-06
orientation_y: 4.85539207479e-06
orientation_z: -0.924776546603
orientation_w: 0.380510629047
